Macierz pomylek 
tf.Tensor(
[[ 977    1    0    0    0    0    0    1    1    0]
 [   0 1131    2    0    0    1    1    0    0    0]
 [   0    1 1026    0    0    0    0    4    1    0]
 [   0    0    1 1003    0    4    0    0    2    0]
 [   0    0    0    0  979    0    1    0    1    1]
 [   1    0    0    4    0  886    1    0    0    0]
 [   1    2    1    0    1    3  947    0    3    0]
 [   0    1    4    1    0    1    0 1019    1    1]
 [   2    0    2    0    0    1    0    0  967    2]
 [   1    1    0    0    5    6    0    3    1  992]], shape=(10, 10), dtype=int32)
Recall
[99.69387755 99.64757709 99.41860465 99.30693069 99.69450102 99.32735426
 98.85177453 99.12451362 99.28131417 98.31516353]
Precision 
[99.49083503 99.47229551 99.03474903 99.50396825 99.39086294 98.22616408
 99.68421053 99.22103213 98.97645855 99.59839357]
FP [ 5  6 10  5  6 16  3  8 10  4]
FN [ 3  4  6  7  3  6 11  9  7 17]
